828
1
484
845
727
84
53
692
843
378
634
817
383
972
248
192
482
367
718
357
233
504
994
244
383
321
827
916
255
599
503
184
854
388
861
982
712
226
71
976
791
180
706
960
122
598
498
146
815
251
287
679
499
11
154
83
412
854
28
492
36
125
850
449
902
689
534
541
559
587
663
110
286
657
402
363
549
721
268
831
247
92
734
981
473
95
512
303
534
995
563
875
725
206
939
688
705
634
338
180
228
961
453
314
400
376
246
609
117
718
357
152
496
495
819
115
215
439
722
526
711
189
261
372
744
35
976
231
822
616
410
361
712
711
319
724
9
326
704
108
155
321
190
191
695
74
369
59
470
809
349
639
850
333
806
703
367
837
321
8
108
160
657
734
66
943
332
203
3
565
35
258
490
961
254
447
24
416
758
971
591
179
299
502
996
299
464
874
738
621
429
128
587
586
514
159
89
401
421
674
230
326
114
28
928
717
193
18
951
811
628
646
757
52
908
273
719
705
466
58
854
135
524
615
286
115
217
999
317
17
257
108
35
619
707
349
370
872
514
65
935
813
822
106
483
793
538
862
26
615
890
551
620
245
965
148
132
883
241
50
932
536
80
54
98
271
48
803
41
132
525
317
393
409
306
837
941
315
310
900
417
674
401
37
968
250
558
324
942
512
370
726
616
292
751
615
518
251
858
580
426
424
923
831
8
142
755
501
559
797
568
285
144
227
964
599
245
633
405
655
61
212
988
434
412
463
63
241
693
452
443
805
79
800
958
725
508
273
334
769
857
853
443
438
499
590
841
923
824
609
730
332
130
471
129
933
512
189
656
697
658
409
111
66
483
331
67
363
842
154
363
3
191
35
604
26
996
244
859
44
715
215
728
797
25
502
640
619
253
935
613
283
957
128
914
493
366
27
44
882
235
530
498
146
645
311
593
543
408
74
227
392
856
477
918
463
192
568
690
727
604
148
43
986
952
300
706
341
463
851
588
320
846
452
851
255
98
111
738
412
707
445
414
383
498
656
609
802
883
804
436
261
802
810
393
913
999
604
922
23
990
215
278
641
567
76
580
471
551
486
988
292
880
647
756
907
457
374
127
183
577
621
336
357
792
892
410
125
890
601
358
212
623
19
662
42
500
31
801
643
92
405
606
136
344
83
327
986
343
254
308
789
27
407
362
234
59
537
940
104
482
923
520
30
48
447
937
521
39
680
186
793
613
872
529
753
778
965
281
759
580
980
755
539
40
778
980
17
484
247
625
514
994
586
808
30
571
498
653
817
198
221
547
489
765
969
201
50
154
99
196
274
533
299
722
756
59
459
106
543
488
380
979
214
872
984
139
534
824
136
988
130
231
639
477
980
937
632
196
902
732
8
348
227
277
537
124
651
509
201
118
138
338
282
148
786
745
124
824
817
941
424
464
478
768
679
92
379
266
990
820
932
752
715
528
860
414
185
738
844
725
47
765
321
371
868
914
942
970
75
605
783
703
338
205
193
502
771
353
405
403
931
500
43
905
200
94
396
98
617
732
845
210
902
300
694
679
981
157
834
286
696
598
100
488
76
942
765
33
933
172
142
55
917
797
435
379
117
351
436
89
141
994
39
917
318
912
43
388
161
117
4
943
473
302
918
960
834
86
50
267
360
545
819
518
572
824
275
831
67
511
875
149
617
652
243
413
471
900
704
953
467
496
110
455
500
153
720
932
832
596
141
929
123
213
414
404
955
69
79
932
857
850
361
422
893
367
815
152
279
640
955
660
945
496
46
447
864
355
320
754
628
765
203
686
398
925
616
717
959
499
864
511
289
293
464
692
637
272
942
55
636
839
812
575
120
176
376
536
478
172
984
241
833
401
807
581
122
450
547
170
659
71
937
813
979
899
685
718
618
370
476
27
412
505
669
256
216
681
99
358
549
504
884
430
355
49
217
480
335
401
156
779
719
768
442
985
293
666
849
265
269
177
814
247
31
855
68
489
505
52
823
204
679
247
46
749
285
723
142
762
568
172
447
736
650
49
501
576
255
998
475
611
157
397
859
784
163
721
55
981
694
210
601
358
738
3
729
101
158
692
191
684
122
709
714
838
192
107
658
238
327
23
834
963
860
966
797
114
313
790
644
347
299
657
111
406
329
196
127
190
338
443
17
439
52
871
541
175
823
311
51
347
631
456
364
231
588
790
856
414
962
268
9
5
538
581
680
205
582
434
214
602
109
113
28
873
315
470
924
647
200
910
677
434
950
332
408
612
47
720
140
672
19
256
778
622
972
311
132
